53
67
14
37
99
78
56
26
22
73
51
91
39
99
53
27
6
80
47
0
43
0
41
27
53
64
8
63
25
21
24
57
88
58
3
56
75
69
11
93
14
23
89
25
82
30
82
38
79
45
20
19
98
87
61
88
68
22
37
45
73
56
63
63
15
68
84
60
46
69
49
47
5
79
10
18
17
68
27
85
74
65
21
62
76
87
59
74
44
45
82
59
39
48
26
67
3
95
72
30
98
81
21
99
99
31
41
58
9
55
55
25
64
87
29
32
97
54
69
88
56
83
13
62
77
71
12
19
36
49
67
64
26
31
10
7
58
32
14
88
69
12
23
93
62
14
52
17
67
96
16
50
62
59
82
9
54
27
92
38
81
71
20
53
79
97
74
98
29
72
30
23
73
54
10
59
31
37
81
71
18
68
1
26
68
64
50
46
92
37
36
77
34
62
46
21
24
87
92
88
91
60
6
91
3
41
13
67
85
27
77
91
87
79
52
33
22
29
68
4
93
79
72
41
42
2
95
70
19
85
30
87
82
34
5
58
24
45
0
2
57
34
20
9
65
92
1
