97
27
47
7
20
87
47
96
65
44
44
87
82
33
4
77
83
4
96
92
41
34
26
88
61
33
64
22
62
64
7
59
3
27
39
15
47
91
65
36
62
70
51
7
26
89
29
56
56
70
83
75
26
62
64
23
47
23
49
8
56
2
80
41
69
34
55
72
75
2
83
12
56
69
81
63
48
53
9
74
35
34
15
87
55
62
48
76
85
34
50
30
20
92
0
30
32
27
82
77
47
7
16
75
37
59
79
5
73
4
37
59
10
22
67
77
25
85
5
36
42
92
32
72
18
99
18
19
8
31
72
67
16
58
69
98
89
7
13
8
86
23
30
94
29
19
1
51
27
71
86
65
60
86
25
67
9
60
97
60
97
1
61
66
87
25
52
26
46
15
82
97
51
72
49
72
97
94
34
78
23
57
56
79
13
94
90
72
59
27
80
58
48
91
1
46
31
85
97
59
71
87
0
35
66
59
55
17
93
39
53
99
75
27
41
79
90
61
57
47
38
41
24
7
72
27
37
51
37
64
73
57
22
96
23
44
11
69
15
37
79
22
69
33
48
67
78
54
46
46
94
70
9
55
12
92
56
65
20
79
17
80
0
60
8
43
11
60
65
86
65
74
63
51
44
76
49
78
19
1
39
30
18
2
48
29
15
12
98
54
62
48
84
50
11
34
44
21
2
90
71
21
5
33
44
46
25
24
60
34
54
54
13
33
90
91
15
80
17
45
46
79
94
35
65
9
7
0
41
92
86
51
74
73
11
36
55
8
13
2
26
52
38
2
49
80
42
50
29
50
15
79
62
53
79
65
6
84
89
2
5
30
38
52
15
56
40
0
91
22
57
80
27
83
42
12
87
94
76
43
98
82
61
47
40
43
90
67
56
76
85
5
73
31
79
27
41
55
72
12
48
76
1
42
45
76
86
21
40
97
48
0
5
62
19
31
22
40
17
18
2
11
20
6
92
62
84
48
47
73
57
76
93
8
74
4
46
83
36
21
4
93
56
14
11
74
24
37
79
59
62
36
95
83
27
12
50
42
61
16
33
47
98
65
13
56
58
17
84
5
40
42
68
79
24
13
67
23
43
94
24
60
79
42
72
54
59
20
66
26
53
46
47
35
49
10
16
0
71
87
39
83
35
44
18
72
48
20
59
98
66
27
72
98
93
27
48
35
63
69
70
15
52
4
35
54
32
68
77
68
7
19
54
22
12
38
5
94
31
86
24
71
78
91
8
92
13
51
52
49
63
59
54
26
1
92
38
17
63
61
52
21
94
54
81
24
69
52
65
96
4
82
98
54
31
47
80
35
99
38
18
58
92
25
60
5
23
47
63
40
19
27
6
88
64
3
95
61
55
14
59
30
37
30
21
19
48
66
11
10
60
13
44
43
76
90
31
75
28
11
92
80
94
98
26
4
31
30
29
45
75
12
38
43
36
61
92
59
30
8
69
17
39
45
50
92
12
36
84
54
92
17
81
47
27
98
10
6
73
78
37
52
31
18
79
96
68
88
80
67
51
12
66
88
33
40
84
94
90
62
21
59
80
62
6
71
50
36
22
33
83
86
13
52
72
5
37
81
36
46
88
58
43
49
84
19
53
25
85
89
19
37
56
45
66
77
94
47
