64
96
58
75
3
38
28
82
44
77
75
18
27
35
56
13
12
60
70
88
89
63
29
54
21
4
12
32
28
96
66
22
73
17
0
84
24
2
19
3
58
38
59
17
37
36
18
97
34
63
19
3
4
94
55
83
71
49
34
9
26
42
65
85
72
79
18
55
14
60
20
30
54
13
41
61
20
56
30
36
72
3
76
37
57
83
19
14
63
25
34
72
35
23
1
11
82
26
68
62
81
8
46
63
43
30
68
27
15
42
27
26
58
67
80
33
44
1
25
27
95
74
94
45
85
9
45
41
31
64
97
49
71
5
83
1
27
59
5
14
50
83
54
92
68
44
48
7
11
8
40
38
6
99
90
27
35
14
84
6
84
9
65
16
45
25
8
69
38
13
40
22
85
73
40
52
10
58
15
72
39
32
39
73
95
2
13
14
70
67
88
85
61
18
90
82
21
15
29
54
45
84
98
69
18
28
17
3
60
43
74
59
50
14
53
43
3
31
14
92
17
54
54
88
3
71
19
35
49
39
34
9
53
39
54
73
82
80
60
74
28
56
75
87
27
77
11
37
46
93
10
61
89
22
84
70
79
96
74
87
3
62
0
70
52
42
67
50
72
99
8
50
65
62
40
75
46
84
32
77
14
86
61
59
36
78
70
61
20
70
15
8
67
90
15
51
2
55
11
83
66
18
61
37
6
25
4
3
63
51
73
23
92
61
92
59
21
26
41
90
91
48
36
24
92
97
0
34
49
98
73
23
32
65
95
74
32
39
42
0
38
25
56
3
79
13
47
40
84
67
34
33
93
77
89
34
91
55
21
41
96
30
14
44
92