57
35
68
79
54
93
53
64
70
70
18
52
32
37
64
21
17
57
75
85
33
93
94
79
76
6
29
54
2
13
78
23
25
51
25
22
36
98
80
29
69
91
2
82
62
81
73
2
73
14
68
72
26
61
62
29
79
77
29
18
97
63
61
5
59
62
81
59
32
29
89
5
47
21
89
71
69
3
95
14
39
67
31
21
4
43
54
31
5
41
21
90
70
21
1
88
59
76
13
70
75
90
9
65
89
53
40
91
10
55
4
80
23
39
25
94
7
45
92
81
60
88
15
7
36
89
5
79
40
86
66
19
36
67
51
92
22
75
41
56
30
66
36
17
88
53
94
26
89
14
89
19
82
46
30
63
58
61
23
93
53
47
19
29
16
25
81
23
38
50
46
68
17
56
30
88
55
90
84
95
66
46
41
53
32
70
36
46
64
37
0
82
60
30
96
46
82
59
94
93
12
60
62
70
75
3
39
72
73
54
