70
21
55
25
99
61
96
35
33
88
24
21
23
75
69
56
60
73
88
61
0
70
13
1
48
19
72
70
49
4
35
77
84
50
43
59
24
30
50
88
78
48
80
58
23
42
18
21
40
3
84
25
4
17
30
96
96
14
37
44
94
57
24
36
28
52
19
73
34
85
92
79
93
56
11
64
0
47
41
66
5
23
7
42
35
69
15
99
38
68
5
23
59
16
95
24
33
90
78
69
23
62
81
43
85
46
95
1
4
78
38
31
94
75
14
79
16
58
2
2
22
80
7
77
14
36
70
94
31
75
49
82
78
11
68
22
61
62
82
7
29
6
26
76
4
29
54
93
79
6
75
68
33
47
10
73
81
81
11
6
85
67
31
66
25
85
17
62
38
90
98
94
4
80
30
78
96
80
26
32
4
9
7
99
56
42
77
8
56
81
60
25
66
47
90
66
85
20
48
25
33
60
81
69
63
58
40
58
51
1
88
32
27
30
25
72
21
40
20
58
75
35
41
53
76
13
83
3
29
33
46
84
95
53
9
57
74
79
15
11
6
43
4
93
13
13
16
83
66
8
20
77
63
9
90
84
29
58
1
35
89
83
15
16
9
4
41
41
92
86
70
54
71
84
34
0
49
57
0
56
56
84
95
67
36
96
19
4
63
27
79
42
62
52
35
43
13
37
99
99
78
86
7
84
39
11
11
77
80
19
73
23
29
63
50
70
17
1
47
91
10
28
16
23
15
93
79
40
77
5
69
10
5
63
45
13
84
79
69
16
34
14
9
87
66
42
49
35
54
28
8
55
87
79
31
32
94
9
49
94
14
21
74
38
97
91
42
69
81
56
88
33
35
45
24
5
2
30
1
17
0
32
21
45
81
67
19
99
5
98
34
40
16
34
2
95
57
89
70
25
78
1
18
32
15
58
31
73
66
8
22
40
83
8
43
66
5
78
17
70
77
40
83
57
4
75
73
68
31
96
61
17
87
43
18
83
87
23
94
35
84
81
85
46
87
71
87
17
19
7
84
31
83
50
91
24
33
75
11
15
76
60
48
85
80
48
86
76
43
14
28
35
61
53
55
35
45
65
44
65
61
80
11
33
3
89
40
90
46
64
24
91
93
64
99
12
72
1
14
38
21
75
48
63
3
62
75
39
38
15
74
61
71
4
86
89
76
82
98
13
59
6
81
87
89
9
90
55
39
36
37
26
44
58
18
96
48
1
50
19
81
15
20
36
21
63
74
2
11
57
6
46
99
72
32
21
26
54
13
71
43
79
88
86
59
87
37
74
4
39
25
42
99
83
60
22
68
27
96
49
35
17
27
45
73
54
55
60
11
31
8
76
47
32
32
16
26
17
45
65
16
72
65
6
90
52
84
31
11
65
45
19
20
53
20
42
40
67
86
76
52
59
33
11
9
3
62
44
32
32
57
73
18
16
12
89
4
44
42
46
74
19
17
3
2
31
42
87
37
41
39
19
93
84
69
65
71
76
30
46
18
93
95
45
29
65
47
83
23
85
38
3
57
89
72
66
12
5
71
6
3
99
60
73
9
92
79
12
49
27
57
13
13
95
75
33
12
28
99
67
73
5
94
94
61
51
48
73
72
97
4
65
1
81
37
22
3
38
42
41
70
80
1
60
48
19
99
67
74
63
63
91