11
98
32
29
1
81
30
59
44
5
90
61
5
7
84
47
62
57
32
90
78
53
23
81
91
73
88
2
33
27
33
57
9
27
41
92
51
85
89
73
13
75
28
29
74
31
58
77
27
42
53
46
17
91
76
48
90
15
5
63
28
76
37
6
62
75
74
62
38
5
19
99
7
90
21
41
66
52
26
73
68
87
21
6
15
9
50
14
35
59
88
18
17
43
81
29
81
9
61
55
74
19
18
18
91
29
23
54
56
31
30
16
43
1
2
1
31
37
36
92
41
3
84
16
31
68
44
34
53
40
9
1
88
29
43
86
44
14
13
61
94
85
72
93
62
50
34
33
80
53
79
92
28
89
62
74
46
49
33
78
10
82
22
95
94
42
68
15
95
2
19
31
25
39
81
24
56
12
25
55
77
87
4
12
22
46
63
58
0
5
70
24
80
98
5
55
37
89
54
6
49
48
52
90
25
59
30
99
40
49
43
14
77
83
67
16
15
58
86
16
91
78
34
24
56
90
98
82
41
83
1
40
68
77
68
54
98
51
0
62
4
2
23
74
21
78
71
88
42
8
0
44
29
5
83
72
74
14
20
71
46
16
44
40
78
63
46
8
77
82
6
17
23
36
49
45
53
80
95
47
67
12
9
4
48
13
64
35
52
49
90
22
23
34
44
28
3
7
29
90
7
20
47
29
17
54
58
37
76
29
52
10
52
47
39
5
88
12
58
68
48
13
97
13
44
6
27
46
51
31
55
85
44
24
19
55
77
77
43
26
28
46
15
28
94
79
87
24
22
68
61
23
24
75
83
94
92
45
42
96
83
17
34
24
59
90
47
31
49
22
43
80
47
67
2
89
71
91
64
22
68
19
88
14
84
45
95
96
55
88
69
53
66
58
98
86
76
80
95
58
2
90
98
19
77
48
26
91
18
37
66
96
82
77
15
27
36
94
81
59
43
44
25
34
79
13
37
35
11
14
98
95
0
86
22
90
72
5
13
47
69
39
84
72
91
81
81
23
46
85
7
54
98
96
22
74
92
13
44
53
75
72
2
22
30
15
30
63
61
23
9
72
82
13
96
76
20
97
32
92
67
3
27
41
2
84
56
71
93
5
85
37
11
92
64
93
68
21
76
82
52
47
46
96
3
67
57
50
95
90
36
65
57
76
39
63
12
72
80
93
95
14
24
27
44
0
26
41
2
54
35
41
72
7
90
41
25
66
4
37
77
8
75
64
89
8
68
55
95
98
83
34
23
82
27
57
74
95
28
58
2
83
13
87
54
82
59
49
5
49
95
89
50
74
49
48
36
19
29
4
18
92
88
95
43
34
54
66
80
83
96
64
0
33
0
10
25
54
13
33
60
4
55
40
45
74
35
43
98
96
70
88
37
23
74
52
8
12
84
85
91
18
39
61
21
40
17
50
93
71
61
1
45
98
0
44
54
97
46
6
10
30
90
77
58
32
4
19
36
96
13
97
12
25
48
49
1
47
68
61
89
78
38
78
56
65
31
57
8
7
11
81
23
58
7
3
91
50
58
26
62
63
36
31
57
5
57
14
89
83
56
60
81
13
24
8
86
68
67
78
79
73
32
38
74
18
38
86
40
29
21
58
94
23
11
2
96
30
20
29
57
27
49
80
91
46
76
26
11
59
25
20
64
87
30