80
80
67
23
92
24
1
94
92
26
17
39
49
61
56
17
44
86
38
96
76
86
71
14
55
82
4
78
87
42
75
69
51
20
93
88
38
29
24
86
25
62
62
75
10
78
18
86
44
91
31
15
76
16
10
97
34
83
15
95
3
39
2
17
30
50
73
58
71
10
62
87
11
50
98
74
45
11
46
81
74
85
83
1
33
57
12
26
45
84
82
95
22
28
69
12
25
22
85
54
62
0
28
95
34
47
49
67
81
49
24
16
93
95
22
85
85
2
69
19
72
2
29
42
86
62
94
8
61
13
74
26
90
81
1
5
77
9
70
89
75
59
39
34
53
24
34
24
17
68
6
65
49
17
21
85
93
24
66
45
72
93
11
80
93
32
32
73
72
65
0
11
30
52
25
55
45
7
53
8
9
61
53
44
16
52
4
43
47
18
60
17
84
3
25
72
43
65
70
89
39
63
70
99
46
56
44
19
98
11
64
98
7
53
84
14
78
88
82
56
19
23
50
79
46
57
15
76
57
78
33
48
69
70
75
51
63
5
27
20
14
82
72
81
61
64
46
15
7
0
92
96
99
58
95
55
87
67
7
10
39
29
56
51
16
84
19
62
63
88
82
56
1
71
69
81
98
82
26
9
74
40
3
38
98
68
41
94
5
21
88
56
5
57
25
38
99
57
43
58
92
44
35
79
51
90
53
21
83
16
1
67
22
98
75
77
96
63
70
24
77
4
50
58
16
40
69
0
8
93
69
39
88
63
48
39
16
78
15
91
6
32
68
46
72
64
31
40
35
92
30
67
98
23
18
18
66
95
54
12
57
11
31
31
22