95
74
32
39
42
0
38
25
56
3
79
13
47
40
84
67
34
33
93
77
89
34
91
55
21
41
96
30
14
44
92
26
93
8
63
9
62
40
17
78
33
62
13
65
48
47
6
95
39
44
58
97
37
8
4
22
87
95
38
67
68
21
23
53
11
1
8
46
30
70
54
48
29
12
82
85
33
46
32
57
67
76
35
91
52
35
39
14
8
38
95
57
33
31
34
76
88
40
73
96
69
2
97
61
46
3
3
73
54
72
15
68
19
1
83
57
69
69
3
5
31
62
20
76
7
68
71
23
73
82
55
32
63
45
57
47
91
91
43
83
98
60
61
38
96
84
7
37
48
21
23
15
51
24
94
62
10
65
1
38
89
87
31
75
52
61
30
57
49
61
74
96
21
64
41
75
88
87
90
98
42
74
14
23
19
66
65
57
55
2
47
87
10
27
49
75
47
75
40
92
32
22
66
68
96
2
43
97
63
30
82
31
40
85
87
47
94
16
53
49
13
59
86
14
19
13
26
2
81
15
20
53
17
84
39
49
58
35
53
61
21
13
63
71
64
43
90
95
38
4
71
81
21
41
68
28
71
38
77
0
92
6
92
55
25
8
92
36
88
89
95
93
13
9
56
25
6
41
31
93
53
48
60
26
25
34
33
70
91
89
60
41
88
67
98
8
46
62
55
86
65
97
98
2
74
8
95
21
18
30
62
49
91
30
92
77
98
85
0
2
15
21
43
32
30
60
82
51
57
86
65
50
96
22
19
34
5
10
5
68
86
75
48
92
8
23
14
23
92
19
84
84
25
86
49
13
96
47
2
59
31
95
6
12
68