83
16
16
4
6
58
5
41
65
79
63
48
91
62
8
14
65
8
12
73
25
98
94
26
97
85
61
25
86
51
19
98
42
42
29
20
16
90
99
8
98
31
68
89
34
99
70
45
65
28
35
12
91
69
59
76
36
16
17
72
2
57
68
35
45
74
31
24
3
31
12
61
18
67
50
98
55
47
82
72
4
62
91
53
58
36
53
26
18
39
49
25
7
31
13
6
19
89
36
54
71
86
3
29
75
37
37
72
15
61
32
38
17
99
31
16
4
18
98
79
74
34
24
27
74
28
77
37
84
18
89
91
23
48
11
40
93
0
36
80
20
2
40
53
41
73
17
89
92
18
2
79
74
68
65
37
33
46
7
93
91
12
21
56
47
97
45
75
2
94
98
51
22
75
39
13
97
5
76
60
17
17
84
56
78
42
75
40
56
83
88
71
0
38
44
76
43
96
61
21
19
85
51
37
90
33
94
50
34
99
25
20
14
87
68
15
94
71
64
53
97
48
55
17
64
95
18
34
70
55
80
26
65
60
9
86
21
78
2
25
41
90
53
39
62
63
93
57
87
1
82
24
76
76
4
13
28
64
53
38
54
91
98
58
43
71
86
5
26
54
28
63
29
36
46
65
40
40
30
28
45
3
49
69
8
86
91
36
62
88
35
28
24
95
17
90
19
23
43
12
34
56
37
47
30
55
59
86
26
65
57
64
4
74
40
76
86
7
37
75
22
62
15
13
64
28
15
50
36
75
84
91
54
7
9
26
87
85
25
25
55
93
47
77
99
38
39
33
93
75
77
89
84
59
45
79
86
63
83
70
58
91
84
54
94
48
6
26
99
47
80
64
3
27
28
62
98
95
50
86
97
98
5
39
26
64
57
6
15
33
66
91
23
88
10
38
19
15
62
7
85
37
33
6
69
31
51
0
98
82
22
31
21
18
2
8
72
58
25
15
81
81
97
15
19
42
36
24
19
71
74
98
54
60
93
88
33
11
41
90
67
17
28
52
1
55
46
50
68
55
1
62
53
16
33
1
31
40
78
36
7
68
39
42
18
50
17
64
10
22
67
2
71
64
11
94
57
89
43
32
46
38
10
95
20
32
17
13
3
42
79
20
99
93
47
41
98
13
96
67
60
50
44
49
88
56
61
72
54
19
98
47
99
67
46
24
48
16
55
18
47
63
84
71
42
48
1
60
90
28
16
11
63
31
25
22
81
4
81
75
50
7
14
47
88
30
59
80
0
46
16
51
89
46
64
46
71
10
80
6
33
67
73
55
71
41
22
86
72
63
40
81
70
55
99
84
20
52
32
69
51
90
11
53
90
15
91
96
81
20
20
60
90
26
78
86
3
57
10
60
97
28
45
8
73
50
93
14
97
4
50
26
71
55
70
17
48
64
94
33
27
11
83
41
30
71
75
28
66
99
45
96
27
76
30
28
58
90
94
44
55
67
96
20
36
81
78
80
4
23
23
41
30
7
85
39
61
90
66
0
22
7
0
44
37
6
9
47
62
14
31
85
0
78
97
59
37
73
13
56
83
80
50
98
26
82
99
83
63
80
75
93
87
65
79
28
55
3
83
90
96
61
30
95
62
63
39
37
4
78